7.761648446321487045e-04
9.812086735619231573e-04
1.174733616411685871e-03
2.134723521769046634e-03
2.215408660471439566e-03
2.610756937414407917e-03
2.697384402155876028e-03
2.752130173146724590e-03
2.731756359338760251e-03
2.854149047285318291e-03
2.866378096863627517e-03
2.819602416828274633e-03
3.074662104249000633e-03
2.877680033445358110e-03
2.879254788160324260e-03
3.181604716926813257e-03
3.422970127314329224e-03
3.626277757808566132e-03
3.696222128346562420e-03
4.009396649897098951e-03
3.720890793949365588e-03
4.035051137208938224e-03
4.263673748821019890e-03
4.459442511200904617e-03
4.281114514917134899e-03
4.558850113302469545e-03
4.694914184510707612e-03
4.477282239124178755e-03
4.639521846547723163e-03
4.583308674395084395e-03
4.488952115178108417e-03
4.382024962455034062e-03
4.693507846444845179e-03
4.500809438526630520e-03
4.727047860622405652e-03
4.884230360388755986e-03
5.127023935317992845e-03
4.885676469653844715e-03
4.739107528701424869e-03
5.134688183665275796e-03
5.004545748233795235e-03
5.228603322058916064e-03
5.196150694042444250e-03
5.166081741452216783e-03
5.375042930245399822e-03
5.273198314011097280e-03
5.277649357914924837e-03
5.450799349695443705e-03
5.345426082611084116e-03
5.439250022172928065e-03
5.370328389108181173e-03
5.516313284635543553e-03
5.488505408167839231e-03
5.456206440925598020e-03
5.339093419257551036e-03
5.420918177813291265e-03
5.396665662527084552e-03
5.347635932266712501e-03
5.462994754314422219e-03
5.464410305023193609e-03
5.461515590548515590e-03
5.255455382168292694e-03
5.328922957181930764e-03
5.242618337273598043e-03
5.383664939552545818e-03
5.448883440345525520e-03
5.275266766548156357e-03
5.269812129437923508e-03
5.336561989039182233e-03
5.385146450251340929e-03
5.336269339546561262e-03
5.300734721124172183e-03
5.385676354169845192e-03
5.384772703051566960e-03
5.286676719784736724e-03
5.279650606215000389e-03
5.373344153165817219e-03
5.305272929370403318e-03
5.457041284069419178e-03
5.256754480302334130e-03
5.391071271151304418e-03
5.446085210889578185e-03
5.406648080796003578e-03
5.373006902635097358e-03
5.419468335807323123e-03
5.386983186006545805e-03
5.436759062111377883e-03
5.473696466535329583e-03
5.395892415195703562e-03
5.411855939775705310e-03
5.339175559580326344e-03
5.329945817589759778e-03
5.352116480469703598e-03
5.326118249678984430e-03
5.429152965545654304e-03
5.312127720564603466e-03
5.297406076453626579e-03
5.691038496792316312e-03
5.579060167074203699e-03
5.745730169117451054e-03
