9.227120429277419931e-04
9.937468827702104421e-04
1.656285762786865318e-03
1.513370394706726064e-03
1.455688521265983623e-03
1.658704027533531222e-03
1.754644125699996934e-03
1.751811526715755466e-03
2.109836108982562908e-03
2.742067757993936657e-03
3.084605105221271612e-03
3.377023629844188787e-03
3.550877183675766029e-03
3.422146916389465221e-03
3.633579626679420659e-03
3.690138362348079851e-03
3.549925874918699337e-03
3.558359362185001262e-03
3.693166866898536793e-03
3.619998381473124062e-03
3.750352993607521113e-03
3.699662923812866312e-03
3.597608406096697038e-03
3.674851221963763154e-03
3.639979675412178227e-03
3.837816253304481527e-03
3.861735112965107141e-03
3.682576218154281437e-03
3.994067884981631830e-03
4.170332595705985960e-03
4.279116436839103428e-03
4.325953748077154479e-03
4.489254467189312224e-03
4.458523105829954002e-03
4.491671841591596791e-03
4.553961537778377852e-03
5.091223843395709797e-03
4.625403381884098282e-03
4.610119407996535190e-03
4.441148519515990788e-03
5.127209007740021057e-03
4.958095724228769874e-03
5.167484134435653548e-03
5.074722353368997518e-03
5.002892106771469373e-03
5.148384913802146572e-03
5.087913781404495260e-03
5.296747263520956012e-03
5.405251175165176440e-03
5.413269251585006367e-03
5.372215293347835235e-03
5.456292480230331803e-03
5.517239972949027939e-03
5.593550965189934138e-03
5.409421786665916630e-03
5.467309542000293662e-03
5.535037100315094369e-03
5.528069898486137092e-03
5.536281572654843351e-03
5.478251770138740928e-03
5.491922926157712798e-03
5.352096036076546028e-03
5.388812340795993625e-03
5.571423858404159213e-03
5.334850840270519319e-03
5.479284208267927274e-03
5.521966278553009332e-03
5.181341439485550281e-03
5.362612739205360225e-03
5.433476001024246244e-03
5.474423453211784037e-03
5.677214071154594241e-03
5.576796397566795641e-03
5.449208050966262984e-03
5.373041056096553893e-03
5.382438242435455197e-03
5.422861255705356369e-03
5.274468392133712692e-03
5.421004518866539244e-03
5.369596004486084165e-03
5.468913771212100851e-03
5.450035732239484967e-03
5.369989961385726596e-03
5.431417763233185002e-03
5.367577880620956476e-03
5.408493146300315940e-03
5.552162483334541036e-03
5.393149569630622912e-03
5.591881081461906600e-03
5.391247138381004625e-03
5.509566161781549558e-03
5.573177836835384313e-03
5.546369355171918564e-03
5.569994628429412661e-03
5.430253937840461877e-03
5.535353042185306265e-03
5.289298057556152122e-03
5.401849519461393405e-03
5.657611876726150769e-03
5.468715250492095677e-03
