9.492208734154701250e-04
1.029358841478824520e-03
1.110377401113510094e-03
1.166454184800386510e-03
1.388767480850219621e-03
1.547469601035118044e-03
1.592224098742008216e-03
1.608032628893852267e-03
1.362591414712369499e-03
1.497713595628738298e-03
1.725453246384859186e-03
1.792811334133148291e-03
1.659623667597770729e-03
1.908215478062629629e-03
1.895742893218994168e-03
2.163561102002859327e-03
2.448109492659568918e-03
2.726018905639648535e-03
3.296641808003187256e-03
3.640130184590816692e-03
3.507171243429183828e-03
3.755008552223443839e-03
3.642887562513351472e-03
3.669219784438610028e-03
3.983677674084902184e-03
3.841174170374870179e-03
4.130746141076087688e-03
4.272812504321336392e-03
4.166981404647230811e-03
3.890327960252761702e-03
3.984835840761661620e-03
4.304958172142505334e-03
3.939000301063060559e-03
4.471606701612472479e-03
4.501200579106807986e-03
4.528218511492014195e-03
4.681934610009193774e-03
4.416824758052825990e-03
4.732722133398056460e-03
4.644056051969528212e-03
4.644494526088237957e-03
4.515486568212509141e-03
4.823151655495167174e-03
4.660667032003402814e-03
4.676345016807317845e-03
4.863037638366222472e-03
4.734966978430748055e-03
4.926870830357074627e-03
4.852252587676048057e-03
5.056364730000495640e-03
4.789938151836395548e-03
4.774218365550040970e-03
4.790957763791084401e-03
5.182472512125968836e-03
5.216627329587936526e-03
5.089326128363609592e-03
4.755155727267265132e-03
4.984419271349907303e-03
5.285940542817116165e-03
5.167718291282654211e-03
5.267529219388961820e-03
5.140854127705097622e-03
4.999929413199424508e-03
5.198525290936231551e-03
5.364392958581447671e-03
5.047301612794399123e-03
5.109389070421457499e-03
5.035301834344863871e-03
5.082032218575477378e-03
5.113808639347553267e-03
4.935739234089851421e-03
5.255026079714297978e-03
5.267426930367946278e-03
5.218262813985347429e-03
4.921197161078453078e-03
5.310794498771429298e-03
5.003071799874306107e-03
5.062366291880607792e-03
5.329689472913742322e-03
4.991688504815101381e-03
5.315988749265670998e-03
5.279897555708885568e-03
5.374050579965115003e-03
5.141619198024273245e-03
4.947113666683435398e-03
5.406168229877948532e-03
5.467095691710710352e-03
5.434358477592468421e-03
5.436593271791935293e-03
5.432224042713641905e-03
5.636828288435935704e-03
5.683959290385245944e-03
5.407119825482368386e-03
5.489271655678748703e-03
5.703522086143493312e-03
5.369347125291824667e-03
5.802944570779800144e-03
5.774416714906692102e-03
5.569612592458725135e-03
5.463046643882989509e-03
