9.449398368597030631e-04
1.470451930537819765e-03
1.784310415387153599e-03
1.949493609368801138e-03
2.341228753328323219e-03
2.216934934258460790e-03
2.128294374793767828e-03
2.305593088269233815e-03
2.438474342226981933e-03
2.697678282856941223e-03
2.876017808914184577e-03
2.925476744771003754e-03
2.741364508867263905e-03
3.309302870184183034e-03
3.619406454265117635e-03
3.973811760544777166e-03
3.980232447385788352e-03
3.782619796693325112e-03
3.763786762952804534e-03
3.809823602437973147e-03
3.809088125824928138e-03
3.824144408106803800e-03
3.897751189768314424e-03
3.840754386037588224e-03
3.789062157273292639e-03
3.817514777183532524e-03
3.741460129618644648e-03
3.815459802746772912e-03
3.923076897859573316e-03
4.075438309460878601e-03
3.946333244442939633e-03
3.840825617313384840e-03
3.721072793006896876e-03
3.813759446144104198e-03
3.790348112583160484e-03
3.883767619729042164e-03
3.944371134042739917e-03
3.918323367834090909e-03
3.905910611152648738e-03
3.948225647211075183e-03
3.963721334934234772e-03
3.871097609400749040e-03
3.809991180896758929e-03
3.795223616063595016e-03
4.239673368632793787e-03
3.907968387007713582e-03
3.944213109090924027e-03
3.957867525517940258e-03
3.993608087301253953e-03
4.182966738939285396e-03
4.075462579727172699e-03
3.971179708838462781e-03
4.171411428600549885e-03
4.411864288151263851e-03
4.046605594456196067e-03
4.534723240882158023e-03
4.372163422405719868e-03
4.287529282271862127e-03
4.338301137089729462e-03
4.440950196236371703e-03
4.565482314676046552e-03
4.560646615922450860e-03
4.540223516523837939e-03
4.525957386940717905e-03
4.362660609185695787e-03
4.283533290028572298e-03
4.517128769308328441e-03
4.450438283383846040e-03
4.449915248900652293e-03
4.556189555674791322e-03
4.510345742106437739e-03
4.393557935953139836e-03
4.290163494646549031e-03
4.482294280081987499e-03
4.378211684525012970e-03
4.172040276229381506e-03
4.149478726089000404e-03
4.457037195563316040e-03
4.362525239586830320e-03
4.456950835883616985e-03
4.447471406310796356e-03
4.254603877663611956e-03
4.475618712604045868e-03
4.470430336892605022e-03
4.495991989970206902e-03
4.450401391834020622e-03
4.516896439716220311e-03
4.602051690220832977e-03
4.654582470655441694e-03
4.581424795091152379e-03
4.877428550273179945e-03
4.814006894826888816e-03
4.857712075114250030e-03
4.757235556840896593e-03
4.875734277069568301e-03
4.780462726950645592e-03
4.872480958700180220e-03
4.778401687741279553e-03
4.866191148757934536e-03
4.784675067290663879e-03
