7.915805168449878762e-04
1.207951664924621516e-03
9.817383177578450047e-04
1.324965462088584841e-03
1.108901068568229680e-03
9.785407492890953619e-04
1.320518940687179536e-03
1.109078317880630559e-03
1.241197817027568737e-03
1.631293602287769377e-03
1.712736651301383995e-03
1.520172506570816083e-03
1.749365971423685537e-03
1.584318879991769699e-03
1.834746360778808684e-03
2.065695956349372728e-03
2.255987204611301523e-03
2.624277167022228026e-03
2.347050249576568444e-03
2.268669173121452137e-03
2.673929959535598783e-03
2.563009269535541663e-03
2.638279080390930342e-03
2.563079113140702327e-03
2.853221476078033302e-03
2.846162341535091612e-03
2.812046445906162158e-03
3.096741031855344828e-03
2.803085644263774139e-03
3.113559395074844485e-03
2.871185235679149430e-03
3.193170558661222267e-03
3.343287467956542781e-03
3.596608720719814394e-03
3.653326913714408965e-03
3.654395043849944895e-03
3.546891648322343660e-03
3.715650446712970897e-03
3.580232087522745160e-03
3.795047730207443300e-03
3.539628654718399246e-03
3.823267465457320241e-03
3.719181884080171707e-03
3.597142785787582359e-03
3.912249103188514612e-03
3.677313819527626079e-03
3.711650960147380805e-03
3.752921856939792772e-03
3.751448303461074954e-03
4.060888938605785453e-03
3.931193485856056269e-03
4.045538809150457139e-03
3.785198722034692920e-03
3.903060881420969928e-03
4.090895377099513716e-03
4.294042896479367821e-03
4.490023542195558520e-03
4.507348168641328763e-03
4.422544911503792191e-03
4.525016076862811883e-03
4.543438874185084901e-03
4.575778637081385006e-03
5.070806436240672677e-03
4.569985620677471591e-03
4.842917956411838150e-03
4.940536722540854984e-03
4.948366276919842141e-03
4.929395265877246912e-03
4.953057646751403593e-03
4.906234927475452111e-03
5.071575120091438571e-03
5.488140478730202040e-03
5.464586518704891115e-03
5.381179809570312521e-03
5.156742181628942538e-03
5.101869523525238113e-03
5.307051274925470540e-03
5.028727632015943250e-03
5.019978858530521441e-03
4.943882880732416822e-03
5.232243055477737992e-03
5.161566223949193635e-03
5.254427120089531084e-03
5.247423142194748355e-03
5.231131538748740907e-03
5.225891016423702545e-03
5.352495782077312282e-03
5.302415348589419909e-03
5.361909490078687474e-03
5.170773774385452499e-03
5.266099557280540071e-03
5.508746799081564068e-03
5.369292145594954831e-03
5.433477684855461329e-03
5.271137662231922469e-03
5.390905978158116660e-03
5.388718735426664685e-03
5.159534767270088085e-03
5.296732604503631356e-03
5.374704610556364261e-03
