6.576707363128662109e-01
1.513646133244037628e+00
1.352752634324133396e+00
1.585759487934410572e+00
1.903013259172439575e+00
1.829539448022842407e+00
1.950259841978549957e+00
2.113155126571655273e+00
2.394701527839060873e+00
2.434907695278525352e+00
2.641321524977684021e+00
2.841997414827346802e+00
2.980740398168563843e+00
2.798023179173469543e+00
3.133007571101188660e+00
3.079405844211578369e+00
3.046428237110376358e+00
3.037565723061561584e+00
3.029598206281661987e+00
3.156719550490379333e+00
3.010482266545295715e+00
3.277014613151550293e+00
3.362468034029006958e+00
3.270394340157508850e+00
3.517491385340690613e+00
3.598521083593368530e+00
3.563071608543395996e+00
3.490319974720478058e+00
3.525829536840319633e+00
3.699074894189834595e+00
3.603786438703536987e+00
3.583308003842830658e+00
3.758558332920074463e+00
3.595887377858161926e+00
3.659251734614372253e+00
3.838272582739591599e+00
3.815291989594697952e+00
3.583933040499687195e+00
3.760626494884490967e+00
3.841720312833786011e+00
3.894507952034473419e+00
3.806755423545837402e+00
4.240518942475318909e+00
4.002635210752487183e+00
4.029201716184616089e+00
4.695192769169807434e+00
4.434029698371887207e+00
4.279638081789016724e+00
4.351711079478263855e+00
4.585988491773605347e+00
4.492800697684288025e+00
4.575509920716285706e+00
4.702817723155021667e+00
4.670142114162445068e+00
4.600244536995887756e+00
4.568555563688278198e+00
4.633237540721893311e+00
4.716677561402320862e+00
4.679908573627471924e+00
4.671683119609951973e+00
4.744584798812866211e+00
4.575677281245589256e+00
4.755206845700740814e+00
4.581936210393905640e+00
4.602002173662185669e+00
4.760576978325843811e+00
4.907245501875877380e+00
5.058482773602008820e+00
4.972082376480102539e+00
5.122395768761634827e+00
4.760075271129608154e+00
5.097954124212265015e+00
5.123053528368473053e+00
5.143219634890556335e+00
5.129167526960372925e+00
5.094640046358108521e+00
4.995751872658729553e+00
4.968374833464622498e+00
4.995247825980186462e+00
5.156476691365242004e+00
4.929460152983665466e+00
5.097358345985412598e+00
4.971817269921302795e+00
5.074664071202278137e+00
5.077461823821067810e+00
5.157072138041257858e+00
5.096504941582679749e+00
5.034702844917774200e+00
5.001937583088874817e+00
4.979559801518917084e+00
5.152742110192775726e+00
5.179505281150341034e+00
5.081597134470939636e+00
5.146597504615783691e+00
5.105787649750709534e+00
4.894592776894569397e+00
5.027247112244367599e+00
5.294005095958709717e+00
5.319969773292541504e+00
5.519682817161083221e+00
