9.226458296179771423e-01
1.497818619012832642e+00
1.326174944639205933e+00
1.813532561063766479e+00
1.659492909908294678e+00
1.682260770350694656e+00
1.773319879546761513e+00
1.784847654402256012e+00
1.681981123983860016e+00
1.913076117634773254e+00
2.118527710437774658e+00
1.853561971336603165e+00
2.095688402652740479e+00
2.292635247111320496e+00
2.460677601397037506e+00
2.553797923028469086e+00
2.637331157922744751e+00
2.719918072223663330e+00
2.749998390674591064e+00
2.764927223324775696e+00
2.831869259476661682e+00
2.965945973992347717e+00
2.821949467062950134e+00
3.143814057111740112e+00
2.915946155786514282e+00
3.088736288249492645e+00
3.208679068833589554e+00
3.886793315410614014e+00
3.799646884202957153e+00
3.738320812582969666e+00
3.681143313646316528e+00
3.720276266336441040e+00
3.848818965256214142e+00
3.637705206871032715e+00
3.669167175889015198e+00
4.147981420159339905e+00
4.074068799614906311e+00
4.288673982024192810e+00
3.831038251519203186e+00
4.235484234988689423e+00
4.456513993442058563e+00
4.256804920732975006e+00
4.346549756824970245e+00
4.433043114840984344e+00
4.951049838215112686e+00
4.482756696641445160e+00
4.400763720273971558e+00
4.866605360060930252e+00
4.491986706852912903e+00
4.641760174185037613e+00
4.541559432167559862e+00
4.895226210355758667e+00
4.820517033338546753e+00
4.745130829513072968e+00
4.631360869854688644e+00
5.040286019444465637e+00
4.904144302010536194e+00
4.806230098009109497e+00
4.666975829750299454e+00
4.934358242899179459e+00
5.269911371171474457e+00
5.252354457974433899e+00
5.311240509152412415e+00
5.283964008092880249e+00
5.339173682034015656e+00
5.333849817514419556e+00
5.144077375531196594e+00
5.442200962454080582e+00
5.303320482373237610e+00
5.363870322704315186e+00
5.515234299004077911e+00
5.730349771678447723e+00
5.562673848122358322e+00
5.428486054763197899e+00
5.840620931237936020e+00
5.862686119973659515e+00
6.044800337404012680e+00
6.027974177151918411e+00
5.703684270381927490e+00
5.783923074603080750e+00
5.906868290156126022e+00
6.004613153636455536e+00
5.789915090426802635e+00
6.061555497348308563e+00
5.733990266919136047e+00
5.521597824990749359e+00
5.677881479263305664e+00
5.931767843663692474e+00
5.776946641504764557e+00
5.616470612585544586e+00
5.601454466581344604e+00
5.615951117128133774e+00
6.034283950924873352e+00
5.593735156580805779e+00
5.925661709159612656e+00
5.735063433647155762e+00
6.045980110764503479e+00
5.777000561356544495e+00
5.968280650675296783e+00
5.974424481391906738e+00
