9.085754677653312683e-01
9.836421553045511246e-01
1.243192311376333237e+00
1.827648814767599106e+00
9.859569079126231372e-01
9.432469652965664864e-01
9.928200044669210911e-01
9.960546914953738451e-01
9.784353189170360565e-01
9.877110384404659271e-01
1.348334997892379761e+00
9.934304293710738420e-01
9.957860289141535759e-01
1.347984418272972107e+00
1.252787924371659756e+00
1.583814214915037155e+00
1.398383096326142550e+00
1.573041886091232300e+00
1.750421635806560516e+00
1.722640354186296463e+00
1.804080953821539879e+00
1.959284096956253052e+00
2.127693809568881989e+00
2.071804255247116089e+00
2.385828211903572083e+00
2.444149136543273926e+00
2.931792318820953369e+00
2.797284180298447609e+00
3.511792331933975220e+00
3.423935450613498688e+00
3.196136666461825371e+00
3.521293682977557182e+00
3.344045117497444153e+00
3.347075253725051880e+00
3.583196625113487244e+00
3.435722015798091888e+00
3.767757833003997803e+00
3.574164137244224548e+00
3.692802980542182922e+00
3.778818361461162567e+00
3.909580491483211517e+00
3.977626822888851166e+00
4.160636082291603088e+00
4.348467297852039337e+00
4.400555908679962158e+00
4.431374020874500275e+00
4.298027753829956055e+00
4.508052207529544830e+00
4.506937161087989807e+00
4.481609143316745758e+00
4.487688742578029633e+00
4.501006014645099640e+00
4.453575223684310913e+00
4.478863272815942764e+00
4.368245996534824371e+00
4.443346112966537476e+00
4.182558104395866394e+00
4.179769977927207947e+00
4.275375507771968842e+00
4.298867478966712952e+00
4.202304393053054810e+00
4.334599509835243225e+00
4.335919037461280823e+00
4.449767857789993286e+00
4.490508809685707092e+00
4.498349733650684357e+00
4.345981650054454803e+00
4.616834208369255066e+00
4.611889645457267761e+00
4.513057708740234375e+00
4.768066313117742538e+00
4.794664122164249420e+00
4.703721895813941956e+00
4.693807721138000488e+00
4.692842625081539154e+00
4.692563623189926147e+00
4.692003689706325531e+00
4.762741938233375549e+00
5.004789341241121292e+00
5.085115004330873489e+00
5.289613693952560425e+00
5.170335367321968079e+00
5.134127020835876465e+00
5.167887240648269653e+00
5.075390234589576721e+00
5.176892459392547607e+00
5.079202666878700256e+00
5.160536691546440125e+00
5.147260412573814392e+00
5.165829256176948547e+00
5.270169815048575401e+00
5.066206045448780060e+00
5.146900311112403870e+00
5.165269516408443451e+00
5.071793690323829651e+00
5.177496507763862610e+00
5.150558996945619583e+00
4.916481703519821167e+00
5.142204554751515388e+00
5.346150040626525879e+00
