8.646115586161612961e-04
9.737294139340519662e-04
9.696631403639912120e-04
7.616714239120483737e-04
9.125728420913219695e-04
9.155315048992633759e-04
7.799810767173767125e-04
6.623313017189502239e-04
8.990913555026054096e-04
9.007258266210555744e-04
1.250569880008697409e-03
1.407050400972366389e-03
1.416731029748916721e-03
1.631881371140480068e-03
1.726419009268283927e-03
1.854553282260894883e-03
1.990891024470329250e-03
1.976006224751472411e-03
1.851416707038879310e-03
2.158489465713501164e-03
2.014217585325240971e-03
2.297397628426551749e-03
2.322718530893325920e-03
2.345605105161666874e-03
2.316041305661201664e-03
2.351851627230644014e-03
2.340073019266128429e-03
2.474111169576645019e-03
2.532974496483802757e-03
2.411260619759559784e-03
2.463513761758804113e-03
2.568639650940895101e-03
2.537532687187194630e-03
2.542383193969726621e-03
2.551476225256919892e-03
2.612199664115905876e-03
2.640015810728073113e-03
2.625330358743667523e-03
2.619628444314002838e-03
2.522661566734313819e-03
2.589391812682151957e-03
2.598744928836822614e-03
2.550741881132126063e-03
2.607307851314544581e-03
2.597025081515312063e-03
2.600587427616119288e-03
2.560746952891349622e-03
2.581109598278999526e-03
2.545672893524169710e-03
2.541564106941223301e-03
2.541146218776702687e-03
2.566191151738166955e-03
2.623558670282363694e-03
2.567673191428184419e-03
2.586752429604530223e-03
2.602798014879226674e-03
2.570713520050048675e-03
2.601797640323639041e-03
2.512860894203185896e-03
2.562059447169303967e-03
2.498353824019432148e-03
2.559889137744903679e-03
2.519467383623123346e-03
2.563879236578941144e-03
2.507556319236755281e-03
2.601050004363059977e-03
2.471965000033378695e-03
2.568697914481163098e-03
2.554136902093887256e-03
2.618419557809829878e-03
2.602479025721549880e-03
2.568460941314697470e-03
2.569680541753768983e-03
2.551688179373740994e-03
2.543244808912277066e-03
2.517579302191734134e-03
2.613443285226821778e-03
2.642319768667221198e-03
2.576513066887855391e-03
2.614189609885215950e-03
2.517159193754195997e-03
2.555750980973243904e-03
2.618773490190505829e-03
2.575384333729743933e-03
2.636003345251083409e-03
2.521386772394180326e-03
2.552623927593231350e-03
2.586859226226806766e-03
2.543715074658393829e-03
2.563582792878150735e-03
2.611886605620384032e-03
2.543531477451324487e-03
2.580575659871101220e-03
2.592775568366050692e-03
2.514245182275772188e-03
2.543507784605026321e-03
2.558147892355918957e-03
2.597065672278404350e-03
2.592394441366195797e-03
2.589413285255432167e-03
