8.974771350622177124e-01
1.577188953757286072e+00
1.991526430472731590e+00
1.726504789665341377e+00
1.860784694552421570e+00
2.562425056472420692e+00
2.676382064819335938e+00
2.538134187459945679e+00
2.773568075150251389e+00
2.928851116448640823e+00
2.889457464218139648e+00
3.018456358462572098e+00
3.615794169483706355e+00
3.055638805031776428e+00
3.812820787541568279e+00
3.963609203696250916e+00
3.838132219389081001e+00
3.960561588406562805e+00
4.288760125637054443e+00
3.987231858074665070e+00
4.002234116196632385e+00
4.209178820252418518e+00
4.317843124270439148e+00
4.511743560433387756e+00
4.506580941379070282e+00
4.329371631145477295e+00
4.463127098977565765e+00
4.415192250162363052e+00
4.550016649067401886e+00
4.743318259716033936e+00
4.499970443546772003e+00
4.466049082577228546e+00
4.420942550175823271e+00
4.666033408604562283e+00
4.398457132279872894e+00
4.745872974395751953e+00
4.747211307287216187e+00
4.781914681196212769e+00
4.690738245844841003e+00
4.661235183477401733e+00
4.692510217428207397e+00
4.912527665495872498e+00
4.621795162558555603e+00
4.683941721916198730e+00
4.670588210225105286e+00
4.599164832383394241e+00
4.587293118238449097e+00
4.614124555140733719e+00
4.866003260016441345e+00
5.017548575997352600e+00
4.991958595812320709e+00
4.955740876495838165e+00
4.922004424035549164e+00
4.891003504395484924e+00
4.941295996308326721e+00
5.258746282197535038e+00
5.187470578588545322e+00
5.447721727192401886e+00
5.073166392743587494e+00
5.318910494446754456e+00
5.508004069328308105e+00
5.506545245647430420e+00
5.500534929335117340e+00
5.490766108036041260e+00
5.554875083267688751e+00
5.493307128548622131e+00
5.492275387048721313e+00
5.513790890574455261e+00
5.528221584856510162e+00
5.508559949696063995e+00
5.423525691032409668e+00
5.471905469894409180e+00
5.503654666244983673e+00
5.522418849170207977e+00
5.581090517342090607e+00
5.466654352843761444e+00
5.711835110560059547e+00
5.620046630501747131e+00
5.519620480015873909e+00
5.587674498558044434e+00
5.580820165574550629e+00
5.713044553995132446e+00
5.650871902704238892e+00
5.635824441909790039e+00
5.644303515553474426e+00
5.596071496605873108e+00
5.783829823136329651e+00
5.844895653426647186e+00
5.840919889509677887e+00
5.839900642633438110e+00
5.549581628292798996e+00
5.627765208482742310e+00
5.657995708286762238e+00
5.578591596335172653e+00
5.723734542727470398e+00
5.815773000940680504e+00
5.810462780296802521e+00
5.802808403968811035e+00
5.672034822404384613e+00
5.615080215036869049e+00
